000001
000004
000005
000010
000011
000014
000015
000018
000019
000025
000026
000027
000029
000030
000035
000037
000038
000041
000043
000044
000045
000047
000048
000052
000053
000055
000056
000057
000059
000063
000064
000065
000066
000067
000070
000071
000073
000074
000075
000076
000077
000079
000081
000083
000084
000088
000089
000090
000092
000093
000096
000097
000099
000101
000105
000107
000111
000114
000115
000116
000117
000119
000123
000126
000129
000131
000132
000134
000136
000137
000138
000140
000148
000152
000159
000161
000165
000166
000169
000170
000171
000172
000173
000178
000179
000180
000181
000183
000185
000186
000187
000188
000189
000194
000195
000196
000197
000198
000200
000206
000215
000216
000217
000221
000222
000224
000225
000226
000227
000228
000229
000230
000232
000234
000235
000237
000239
000243
000244
000247
000250
000251
000252
000254
000255
000256
000257
000258
000260
000265
000270
000284
000285
000288
000293
000299
000300
000301
000302
000303
000306
000307
000310
000311
000312
000313
000314
000316
000320
000321
000322
000323
000324
000326
000327
000330
000334
000338
000339
000342
000343
000344
000352
000353
000354
000355
000357
000358
000359
000362
000363
000368
000370
000371
000372
000376
000377
000381
000383
000384
000387
000388
000391
000394
000395
000398
000401
000402
000404
000406
000407
000409
000415
000416
000417
000421
000422
000424
000426
000427
000430
000432
000434
000436
000439
000444
000445
000447
000449
000452
000456
000459
000461
000464
000465
000466
000468
000469
000470
000472
000476
000477
000479
000483
000484
000485
000489
000490
000492
000494
000497
000502
000503
000505
000507
000511
000513
000515
000517
000520
000521
000528
000529
000530
000541
000542
000543
000545
000552
000553
000556
000557
000558
000559
000562
000564
000565
000566
000568
000569
000571
000572
000573
000575
000576
000578
000581
000583
000588
000589
000591
000592
000594
000595
000599
000600
000604
000607
000608
000609
000610
000611
000617
000618
000620
000623
000624
000625
000627
000628
000630
000631
000632
000633
000636
000637
000640
000641
000643
000644
000646
000647
000648
000650
000653
000655
000658
000661
000662
000663
000666
000667
000668
000669
000676
000678
000679
000680
000682
000683
000686
000689
000691
000692
000693
000696
000697
000698
000699
000704
000705
000706
000712
000716
000722
000724
000725
000726
000730
000731
000737
000741
000746
000747
000750
000752
000753
000754
000755
000757
000762
000764
000765
000766
000767
000768
000772
000778
000779
000783
000785
000787
000789
000791
000794
000795
000798
000800
000801
000802
000803
000804
000814
000818
000819
000821
000826
000827
000830
000833
000835
000837
000838
000848
000849
000850
000851
000852
000853
000856
000859
000860
000863
000865
000867
000868
000869
000870
000873
000876
000877
000878
000879
000880
000882
000884
000886
000891
000896
000897
000898
000901
000903
000908
000910
000913
000917
000918
000919
000920
000926
000927
000929
000932
000935
000936
000938
000939
000940
000941
000945
000947
000948
000951
000954
000956
000958
000959
000961
000964
000965
000966
000967
000968
000973
000974
000977
000978
000981
000985
000987
000990
000995
000997
001001
001003
001005
001006
001007
001008
001010
001011
001014
001018
001019
001022
001023
001025
001026
001030
001031
001032
001038
001041
001042
001044
001046
001049
001052
001054
001056
001058
001059
001061
001063
001065
001067
001068
001069
001073
001076
001078
001079
001083
001089
001091
001092
001096
001097
001098
001103
001105
001107
001108
001109
001110
001111
001114
001116
001117
001118
001119
001120
001123
001125
001131
001138
001140
001146
001147
001150
001151
001152
001154
001156
001157
001158
001159
001162
001166
001168
001175
001177
001181
001182
001185
001186
001189
001190
001192
001194
001195
001198
001199
001201
001206
001207
001208
001209
001211
001212
001213
001215
001218
001219
001221
001223
001225
001229
001236
001239
001242
001245
001248
001250
001251
001252
001253
001255
001261
001265
001269
001270
001276
001277
001280
001285
001286
001289
001291
001299
001300
001301
001302
001303
001308
001310
001311
001312
001314
001316
001318
001320
001321
001322
001324
001325
001328
001332
001337
001340
001341
001342
001343
001344
001350
001353
001354
001355
001356
001357
001361
001362
001366
001367
001369
001372
001375
001377
001381
001382
001383
001385
001386
001387
001388
001390
001392
001393
001398
001399
001401
001404
001407
001409
001410
001411
001413
001416
001417
001418
001419
001420
001422
001426
001429
001433
001440
001442
001443
001445
001447
001448
001457
001458
001460
001464
001466
001468
001471
001474
001475
001477
001479
001483
001484
001485
001486
001488
001492
001493
001494
001499
001501
001502
001503
001511
001512
001513
001516
001518
001519
001520
001522
001525
001526
001527
001528
001532
001533
001539
001541
001542
001544
001546
001547
001548
001558
001559
001560
001567
001568
001569
001570
001573
001575
001578
001579
001582
001583
001584
001586
001588
001589
001592
001593
001594
001595
001598
001599
001600
001601
001602
001603
001604
001605
001607
001608
001609
001610
001612
001613
001616
001618
001619
001623
001626
001628
001629
001630
001631
001633
001635
001638
001639
001643
001644
001647
001648
001650
001651
001652
001654
001656
001657
001659
001665
001666
001668
001669
001672
001674
001675
001677
001678
001683
001687
001691
001692
001693
001695
001696
001700
001702
001703
001704
001705
001708
001710
001714
001715
001718
001719
001720
001724
001726
001728
001729
001730
001734
001735
001736
001737
001738
001740
001742
001743
001745
001746
001750
001751
001752
001754
001757
001761
001765
001766
001767
001769
001770
001771
001774
001776
001778
001779
001780
001782
001783
001784
001789
001791
001794
001797
001798
001799
001800
001801
001804
001812
001816
001817
001818
001819
001823
001825
001826
001827
001828
001831
001833
001836
001840
001842
001844
001845
001846
001850
001851
001853
001854
001855
001856
001857
001859
001864
001867
001868
001869
001871
001873
001876
001877
001878
001884
001885
001886
001887
001889
001890
001891
001894
001895
001899
001900
001901
001902
001905
001907
001912
001917
001920
001922
001924
001925
001926
001928
001930
001931
001934
001935
001940
001941
001942
001943
001944
001946
001947
001949
001950
001951
001953
001962
001963
001965
001967
001972
001976
001977
001978
001981
001983
001985
001986
001988
001990
001992
001994
001997
001999
002000
002002
002003
002010
002011
002012
002015
002016
002026
002027
002028
002029
002034
002036
002037
002041
002046
002047
002050
002054
002055
002058
002059
002060
002064
002066
002067
002069
002071
002072
002073
002074
002078
002080
002085
002087
002089
002090
002093
002094
002095
002101
002112
002117
002119
002120
002122
002125
002129
002130
002136
002137
002139
002141
002144
002145
002150
002153
002154
002158
002159
002161
002162
002163
002164
002165
002166
002167
002168
002169
002171
002173
002176
002178
002181
002183
002185
002188
002189
002194
002195
002196
002197
002200
002201
002202
002204
002214
002215
002218
002220
002221
002224
002225
002228
002229
002232
002233
002234
002235
002237
002239
002241
002243
002244
002246
002247
002248
002249
002251
002252
002254
002255
002257
002258
002259
002262
002267
002268
002269
002275
002277
002280
002281
002286
002287
002288
002294
002299
002303
002305
002306
002308
002313
002314
002316
002318
002321
002322
002323
002326
002329
002330
002331
002332
002333
002334
002336
002337
002342
002343
002346
002347
002348
002349
002351
002352
002356
002361
002363
002364
002366
002367
002368
002370
002371
002374
002375
002376
002379
002380
002382
002388
002391
002394
002396
002397
002398
002399
002400
002405
002406
002407
002409
002413
002414
002417
002418
002419
002422
002423
002427
002428
002432
002436
002440
002441
002445
002446
002449
002451
002455
002456
002457
002460
002463
002464
002466
002468
002470
002472
002473
002474
002476
002484
002486
002487
002489
002493
002494
002495
002496
002498
002500
002501
002517
002521
002523
002524
002527
002528
002533
002534
002535
002538
002540
002543
002544
002545
002547
002552
002558
002559
002561
002564
002568
002570
002571
002572
002573
002577
002586
002587
002591
002600
002604
002605
002610
002613
002615
002616
002617
002618
002619
002620
002625
002627
002630
002633
002634
002635
002638
002641
002644
002646
002649
002650
002653
002654
002658
002659
002660
002661
002664
002665
002669
002671
002672
002673
002676
002678
002679
002681
002683
002685
002688
002689
002691
002692
002694
002695
002697
002699
002703
002704
002705
002707
002709
002710
002713
002714
002716
002720
002721
002722
002723
002724
002725
002728
002731
002732
002736
002739
002740
002741
002743
002744
002746
002750
002752
002756
002757
002760
002761
002762
002763
002764
002767
002768
002770
002772
002774
002775
002777
002782
002786
002787
002789
002792
002796
002798
002799
002801
002802
002806
002807
002808
002812
002815
002816
002818
002820
002821
002825
002826
002827
002829
002831
002833
002835
002837
002839
002841
002842
002843
002846
002850
002852
002854
002856
002857
002858
002864
002865
002870
002873
002874
002875
002877
002879
002880
002882
002884
002887
002890
002891
002895
002898
002907
002911
002912
002915
002916
002917
002919
002920
002921
002922
002924
002926
002927
002929
002931
002937
002941
002942
002943
002948
002949
002953
002957
002958
002959
002964
002966
002967
002968
002969
002972
002973
002975
002979
002983
002986
002987
002988
002989
002996
003005
003007
003008
003012
003019
003020
003022
003023
003024
003025
003027
003028
003031
003036
003037
003038
003043
003044
003045
003047
003050
003051
003052
003056
003057
003059
003061
003066
003068
003070
003071
003072
003074
003075
003081
003084
003086
003088
003089
003090
003092
003094
003095
003098
003100
003101
003104
003105
003108
003109
003110
003112
003114
003115
003116
003118
003122
003125
003129
003130
003131
003132
003133
003134
003135
003136
003137
003138
003139
003140
003141
003142
003144
003145
003146
003147
003148
003155
003157
003159
003161
003164
003165
003168
003170
003173
003178
003181
003182
003189
003191
003192
003194
003196
003197
003201
003202
003205
003207
003208
003211
003213
003214
003215
003216
003218
003220
003222
003226
003227
003228
003232
003234
003236
003238
003242
003244
003245
003246
003252
003253
003256
003257
003260
003262
003265
003266
003267
003268
003272
003275
003276
003281
003285
003287
003289
003290
003293
003294
003296
003297
003301
003302
003303
003304
003305
003306
003307
003310
003311
003312
003314
003316
003320
003322
003325
003326
003327
003332
003334
003339
003340
003342
003346
003349
003350
003354
003355
003356
003358
003359
003360
003361
003362
003372
003374
003377
003378
003379
003381
003386
003389
003390
003391
003392
003396
003397
003409
003410
003416
003419
003420
003421
003422
003424
003425
003426
003427
003428
003432
003433
003436
003439
003442
003446
003447
003449
003454
003456
003457
003459
003461
003463
003464
003466
003467
003468
003470
003472
003477
003479
003480
003483
003484
003486
003487
003490
003491
003492
003496
003498
003499
003501
003502
003504
003508
003510
003511
003512
003514
003515
003519
003522
003525
003526
003527
003528
003530
003531
003534
003536
003543
003547
003548
003551
003559
003560
003562
003563
003567
003568
003571
003572
003574
003576
003577
003578
003583
003584
003587
003589
003590
003595
003597
003598
003599
003601
003602
003603
003610
003611
003616
003618
003621
003622
003623
003624
003625
003626
003627
003630
003633
003634
003635
003636
003638
003639
003641
003642
003645
003646
003649
003650
003651
003653
003654
003656
003658
003660
003664
003666
003670
003672
003674
003675
003676
003677
003678
003680
003681
003682
003684
003685
003687
003689
003692
003694
003698
003699
003702
003703
003709
003712
003713
003715
003716
003717
003718
003720
003722
003723
003726
003728
003729
003731
003732
003734
003738
003739
003741
003742
003743
003746
003750
003752
003758
003760
003761
003762
003763
003765
003766
003767
003768
003769
003770
003771
003775
003778
003789
003790
003792
003799
003801
003802
003804
003805
003807
003808
003809
003810
003811
003812
003817
003818
003820
003826
003830
003840
003843
003844
003846
003852
003857
003858
003862
003866
003871
003875
003876
003878
003881
003882
003884
003885
003888
003889
003890
003891
003892
003895
003901
003902
003903
003905
003907
003908
003910
003912
003914
003915
003921
003922
003925
003926
003928
003929
003931
003932
003933
003935
003938
003941
003942
003944
003945
003946
003951
003953
003955
003959
003963
003964
003966
003970
003974
003977
003978
003982
003985
003987
003989
003992
003994
003995
003996
003998
003999
004000
004001
004003
004004
004005
004006
004008
004012
004013
004015
004016
004017
004018
004021
004022
004023
004025
004026
004027
004029
004030
004032
004033
004035
004036
004037
004038
004039
004047
004048
004050
004052
004053
004054
004055
004056
004058
004060
004061
004065
004066
004069
004070
004071
004072
004074
004076
004081
004087
004088
004089
004091
004093
004094
004100
004105
004106
004107
004110
004111
004112
004113
004114
004116
004121
004123
004126
004127
004128
004131
004134
004136
004138
004139
004140
004142
004143
004146
004148
004150
004152
004155
004157
004158
004159
004161
004163
004168
004178
004179
004182
004183
004185
004186
004188
004193
004197
004202
004203
004208
004210
004211
004214
004215
004217
004218
004219
004222
004223
004224
004227
004229
004231
004235
004236
004237
004239
004240
004244
004250
004251
004253
004255
004256
004260
004265
004266
004273
004277
004282
004284
004286
004288
004292
004293
004297
004300
004301
004304
004305
004306
004308
004311
004313
004315
004317
004319
004320
004322
004328
004329
004331
004332
004333
004334
004336
004339
004341
004342
004346
004348
004349
004350
004351
004352
004355
004356
004357
004358
004359
004360
004361
004364
004365
004366
004369
004371
004373
004378
004380
004385
004388
004390
004392
004398
004399
004402
004404
004406
004408
004412
004413
004414
004415
004420
004424
004427
004429
004430
004433
004435
004437
004442
004443
004444
004445
004446
004448
004450
004453
004455
004457
004459
004463
004464
004465
004466
004472
004473
004475
004476
004477
004478
004480
004481
004483
004485
004492
004499
004501
004502
004503
004506
004507
004508
004513
004514
004516
004518
004521
004522
004523
004524
004529
004532
004533
004535
004536
004537
004539
004542
004545
004547
004551
004553
004556
004558
004560
004561
004562
004564
004566
004567
004569
004571
004572
004577
004578
004579
004581
004582
004583
004585
004586
004587
004588
004592
004594
004595
004600
004602
004603
004604
004606
004607
004608
004610
004611
004615
004616
004617
004622
004624
004626
004628
004633
004635
004637
004638
004639
004640
004642
004643
004646
004649
004650
004654
004657
004659
004668
004672
004673
004680
004686
004687
004689
004690
004692
004697
004698
004702
004703
004707
004709
004713
004717
004718
004720
004724
004725
004730
004731
004735
004738
004740
004742
004745
004750
004752
004753
004756
004757
004758
004759
004760
004761
004763
004764
004765
004766
004767
004774
004777
004778
004780
004784
004785
004787
004789
004790
004792
004793
004799
004801
004802
004804
004805
004808
004809
004810
004811
004812
004816
004820
004821
004823
004824
004827
004829
004832
004835
004837
004840
004845
004847
004849
004850
004852
004854
004858
004860
004862
004863
004864
004866
004867
004868
004869
004871
004874
004881
004882
004885
004887
004888
004894
004897
004898
004900
004901
004904
004905
004906
004907
004910
004911
004912
004915
004918
004920
004921
004922
004924
004925
004926
004930
004931
004932
004934
004942
004945
004946
004947
004948
004950
004954
004955
004958
004960
004962
004963
004966
004968
004972
004973
004974
004976
004979
004985
004986
004987
004991
004994
004995
004997
004998
004999
005003
005005
005007
005009
005010
005012
005013
005016
005018
005019
005022
005023
005027
005028
005033
005035
005037
005038
005039
005040
005042
005044
005050
005052
005054
005061
005065
005066
005067
005072
005073
005074
005075
005077
005079
005081
005082
005085
005086
005088
005090
005091
005092
005093
005094
005097
005102
005103
005108
005109
005111
005112
005113
005114
005115
005120
005123
005127
005134
005136
005138
005139
005140
005142
005148
005150
005152
005153
005155
005158
005161
005165
005169
005170
005174
005176
005181
005184
005188
005189
005193
005195
005197
005199
005203
005205
005207
005214
005220
005221
005222
005226
005228
005233
005236
005237
005239
005240
005241
005242
005244
005248
005249
005252
005258
005260
005261
005262
005264
005265
005268
005272
005276
005278
005280
005281
005282
005290
005291
005294
005296
005298
005307
005311
005314
005316
005323
005327
005331
005336
005338
005339
005344
005345
005346
005347
005349
005353
005354
005356
005358
005359
005364
005368
005369
005371
005372
005374
005380
005382
005385
005386
005390
005396
005401
005403
005404
005407
005408
005410
005413
005414
005418
005420
005423
005424
005425
005429
005430
005435
005437
005443
005445
005447
005448
005449
005450
005453
005454
005455
005457
005458
005462
005463
005465
005466
005467
005469
005471
005473
005484
005485
005486
005487
005492
005493
005494
005498
005499
005500
005502
005505
005507
005508
005511
005512
005514
005515
005516
005523
005525
005528
005529
005530
005531
005534
005537
005539
005540
005541
005543
005545
005546
005548
005551
005553
005555
005557
005558
005559
005560
005562
005563
005564
005565
005567
005569
005572
005574
005575
